# Camera list with one line of data per camera:
#   CAMERA_ID, MODEL, WIDTH, HEIGHT, PARAMS[]
# Number of cameras: 74
29 SIMPLE_RADIAL 3060 4080 5698.2400080140524 1530 2040 -0.78608514558950104
30 SIMPLE_RADIAL 3060 4080 5551.1369491861287 1530 2040 -0.58839713613515576
31 SIMPLE_RADIAL 3060 4080 5442.4818806763924 1530 2040 -0.51138381724125381
32 SIMPLE_RADIAL 3060 4080 5343.971252719808 1530 2040 -0.46713829365025616
33 SIMPLE_RADIAL 3060 4080 5291.2220686875298 1530 2040 -0.41220201160899456
34 SIMPLE_RADIAL 3060 4080 5314.8699846038653 1530 2040 -0.39295821886344556
35 SIMPLE_RADIAL 3060 4080 5247.076361602788 1530 2040 -0.23855505729165383
36 SIMPLE_RADIAL 3060 4080 5197.4594297067588 1530 2040 -0.19618984092338704
37 SIMPLE_RADIAL 3060 4080 4916.3202696928875 1530 2040 -0.11990002294227826
38 SIMPLE_RADIAL 3060 4080 4353.676424666849 1530 2040 -0.078278817744158458
39 SIMPLE_RADIAL 3060 4080 4430.4660090115058 1530 2040 0.054506258807476018
40 SIMPLE_RADIAL 3060 4080 4208.1613830078086 1530 2040 0.072596818136802424
41 SIMPLE_RADIAL 3060 4080 4249.5455746264606 1530 2040 0.090057825982743547
42 SIMPLE_RADIAL 3060 4080 4324.8859174309991 1530 2040 0.094089145523471293
43 SIMPLE_RADIAL 3060 4080 4523.4533828424401 1530 2040 0.18687650578275553
44 SIMPLE_RADIAL 3060 4080 3860.6930567096633 1530 2040 0.017034294167670182
45 SIMPLE_RADIAL 3060 4080 3832.8085408857032 1530 2040 -0.017308917027207518
46 SIMPLE_RADIAL 3060 4080 3873.3244145558301 1530 2040 -0.014105963208074859
47 SIMPLE_RADIAL 3060 4080 4096.1238327703522 1530 2040 0.035993322503337401
48 SIMPLE_RADIAL 3060 4080 3796.255608353677 1530 2040 0.049717508436523491
49 SIMPLE_RADIAL 3060 4080 3807.9865418682948 1530 2040 0.064441899532725555
50 SIMPLE_RADIAL 3060 4080 3812.3928343170683 1530 2040 0.036349964610842792
51 SIMPLE_RADIAL 3060 4080 3798.0426018385633 1530 2040 0.0069347368125360033
52 SIMPLE_RADIAL 3060 4080 3287.1740390980735 1530 2040 -0.13999777500846736
53 SIMPLE_RADIAL 3060 4080 3332.0177553162544 1530 2040 -0.12009496401013883
54 SIMPLE_RADIAL 3060 4080 3362.9269343359142 1530 2040 -0.11196117315012824
55 SIMPLE_RADIAL 3060 4080 3383.9833493293922 1530 2040 -0.10467469382149105
56 SIMPLE_RADIAL 3060 4080 3372.4063502483486 1530 2040 -0.097491232233071518
57 SIMPLE_RADIAL 3060 4080 3374.2069099080541 1530 2040 -0.10459884703672001
58 SIMPLE_RADIAL 3060 4080 3416.9232484488066 1530 2040 -0.057101215502525185
59 SIMPLE_RADIAL 3060 4080 3391.8210649754888 1530 2040 -0.045074379879888125
60 SIMPLE_RADIAL 3060 4080 3343.4097114006886 1530 2040 -0.0351473220671948
61 SIMPLE_RADIAL 3060 4080 3360.1460979002804 1530 2040 -0.040380603929836188
62 SIMPLE_RADIAL 3060 4080 3307.871689484984 1530 2040 -0.059992384088453053
63 SIMPLE_RADIAL 3060 4080 3296.6136882007145 1530 2040 -0.021635923755196518
64 SIMPLE_RADIAL 3060 4080 3277.4009998643523 1530 2040 -0.0056895779568038448
65 SIMPLE_RADIAL 3060 4080 3362.7741616809976 1530 2040 0.067429331122983868
66 SIMPLE_RADIAL 3060 4080 3322.2227740878643 1530 2040 0.025876571573986477
67 SIMPLE_RADIAL 3060 4080 3285.0729228264045 1530 2040 0.0069303339618803196
68 SIMPLE_RADIAL 3060 4080 3220.8529517390352 1530 2040 -0.0086290641969106255
69 SIMPLE_RADIAL 3060 4080 3207.6393774183748 1530 2040 -0.050492704214529373
70 SIMPLE_RADIAL 3060 4080 3199.1181547686374 1530 2040 -0.044823719851841984
71 SIMPLE_RADIAL 3060 4080 3233.6571833402563 1530 2040 -0.012012895210585073
72 SIMPLE_RADIAL 3060 4080 3242.7801938156949 1530 2040 -0.011208124163646999
73 SIMPLE_RADIAL 3060 4080 3173.8755318171261 1530 2040 -0.030302811062174275
74 SIMPLE_RADIAL 3060 4080 3164.3976081670685 1530 2040 0.011352262767846923
75 SIMPLE_RADIAL 3060 4080 3205.4888822679127 1530 2040 -0.010785680529120829
76 SIMPLE_RADIAL 3060 4080 3119.0013229501601 1530 2040 0.01673600454930594
77 SIMPLE_RADIAL 3060 4080 3175.1218917385731 1530 2040 0.011361744836521274
78 SIMPLE_RADIAL 3060 4080 3164.417799758472 1530 2040 0.021657859564458991
79 SIMPLE_RADIAL 3060 4080 3168.0072015695041 1530 2040 0.042502199005106212
80 SIMPLE_RADIAL 3060 4080 3133.6531696572692 1530 2040 -0.04440899815665432
81 SIMPLE_RADIAL 3060 4080 3137.9794977070783 1530 2040 -0.02034848421252574
82 SIMPLE_RADIAL 3060 4080 3079.8494473990722 1530 2040 -0.022394642476522997
83 SIMPLE_RADIAL 3060 4080 3106.3942627799634 1530 2040 -0.033788151290221773
84 SIMPLE_RADIAL 3060 4080 3083.1808511551076 1530 2040 -0.013141008549875915
85 SIMPLE_RADIAL 3060 4080 3030.0175730123351 1530 2040 -0.017510503920298445
86 SIMPLE_RADIAL 3060 4080 3021.0320268575674 1530 2040 -0.011143303184256808
87 SIMPLE_RADIAL 3060 4080 3017.3658910289287 1530 2040 -0.028306491422234646
88 SIMPLE_RADIAL 3060 4080 3059.1210001117747 1530 2040 -0.015796455231413885
89 SIMPLE_RADIAL 3060 4080 3053.132872299172 1530 2040 -0.056534478096414299
90 SIMPLE_RADIAL 3060 4080 3044.2770971504829 1530 2040 -0.066766063888078556
91 SIMPLE_RADIAL 3060 4080 3032.6533388417056 1530 2040 -0.065399229340574933
92 SIMPLE_RADIAL 3060 4080 2985.7658104943939 1530 2040 -0.056121825974341753
93 SIMPLE_RADIAL 3060 4080 3002.1612048061011 1530 2040 -0.04429744331584768
94 SIMPLE_RADIAL 3060 4080 2998.7815791980229 1530 2040 -0.055425914725437106
95 SIMPLE_RADIAL 3060 4080 3005.4490841731194 1530 2040 -0.026942779305263984
96 SIMPLE_RADIAL 3060 4080 2999.3254192941822 1530 2040 -0.024680613447873822
97 SIMPLE_RADIAL 3060 4080 3003.1326272512988 1530 2040 -0.060336859817856178
98 SIMPLE_RADIAL 3060 4080 3073.2989950094993 1530 2040 -0.059850128336017536
99 SIMPLE_RADIAL 3060 4080 3097.7123801083858 1530 2040 -0.092998951572855815
100 SIMPLE_RADIAL 3060 4080 3108.2205213927377 1530 2040 -0.095129461450881483
101 SIMPLE_RADIAL 3060 4080 3127.9644667007146 1530 2040 -0.097667536132450453
102 SIMPLE_RADIAL 3060 4080 3123.0138988454432 1530 2040 -0.12239213801892047
