# Frame list with one line of data per frame:
#   FRAME_ID, RIG_ID, RIG_FROM_WORLD[QW, QX, QY, QZ, TX, TY, TZ], NUM_DATA_IDS, DATA_IDS[] as (SENSOR_TYPE, SENSOR_ID, DATA_ID)
# Number of frames: 74
29 29 -0.14509405403036157 0.030349373968379247 -0.98318980590218474 -0.10660411134091637 -4.016293575557695 0.097397699238262095 7.5496639683893383 1 CAMERA 29 29
30 30 0.19501062059249791 -0.037393240023662379 0.97456796855423 0.10387433814346644 -4.1802532394701029 0.10213127880007326 7.0324613395751987 1 CAMERA 30 30
31 31 0.23351079132986929 -0.042157916410129039 0.9663791983934944 0.099028608638121712 -4.2230407841441222 0.11298694090086614 6.5213861857537685 1 CAMERA 31 31
32 32 0.259305998578793 -0.046423679615693429 0.95977442372777511 0.097150896187384664 -4.1060686827690054 0.11076859799724617 6.185608080336646 1 CAMERA 32 32
33 33 0.28382690729323184 -0.048339431402533127 0.95297550610970438 0.094568868149046983 -3.8799201260557634 0.11576424162431556 5.9284706936868865 1 CAMERA 33 33
34 34 0.30757410131224749 -0.047615139075477451 0.94557501751989403 0.094967662786015886 -3.5812305608580917 0.11813927974083278 5.85234802819613 1 CAMERA 34 34
35 35 0.35137099906604941 -0.053663143829795881 0.93016828112980088 0.091900254567987005 -3.2666598216274982 0.10804393686232935 5.6529717667599177 1 CAMERA 35 35
36 36 0.35959647288230623 -0.056351797098704054 0.92682075667771102 0.09229375193211399 -3.0905480593527437 0.092053915718603996 5.6047804429845796 1 CAMERA 36 36
37 37 0.42346821113084182 -0.055187233911500135 0.89807817637015219 0.10528358135295374 -2.9717803779906515 -0.12794379070979664 4.5724183015445048 1 CAMERA 37 37
38 38 0.44569975554857255 -0.060846551711500531 0.88739191213578872 0.10092085673809485 -2.6504589730483175 -0.13901382548455743 3.8045519463285187 1 CAMERA 38 38
39 39 0.47531637437276053 -0.060717896151195667 0.87156131006859205 0.10377169234249657 -2.6670839937743582 -0.10633084231235944 3.7388211277826664 1 CAMERA 39 39
40 40 0.48499369795057706 -0.056449840358735952 0.86625517147718212 0.1058135452611598 -2.4989329075256999 -0.082375107843693174 3.3952127622925654 1 CAMERA 40 40
41 41 0.48757433730808641 -0.056707078035982059 0.86451546150800396 0.10802124658049643 -2.4808151417457212 -0.098252730549171774 3.4133792469949169 1 CAMERA 41 41
42 42 0.51553059403599977 -0.056318627863819505 0.8478369771014409 0.11058426211679818 -2.4584224371023757 -0.1084743029093916 3.3081545934401837 1 CAMERA 42 42
43 43 0.52935362476622283 -0.051383993175994777 0.8387959964925068 0.11647189128838287 -2.2998850037204495 -0.066031152114041453 3.438148109073075 1 CAMERA 43 43
44 44 0.55654073776547774 -0.062283765120251494 0.82227399836474335 0.10123542573210773 -2.4082418908085392 -0.08530074455690119 2.475078696597218 1 CAMERA 44 44
45 45 0.58408332477422042 -0.067525385226957682 0.80376982708114675 0.090780268476068807 -2.1418401218306253 -0.037687365315115171 2.2719315647036535 1 CAMERA 45 45
46 46 0.59564578315875694 -0.066735039256413928 0.79529838268630704 0.09084612285166839 -2.195912377600191 -0.031166032029655354 2.2787926400560057 1 CAMERA 46 46
47 47 0.60171110395372029 -0.061989517370079947 0.79125370111008952 0.089546789973762086 -1.9942801068256988 0.0076657193157010448 2.5524261916613273 1 CAMERA 47 47
48 48 0.61249953408873892 -0.062554672018751242 0.7831702567086708 0.087037823712332554 -1.828170559043315 0.0096937452495082701 2.1545306916847418 1 CAMERA 48 48
49 49 0.61463048723637304 -0.063617391149886834 0.78136080210642822 0.087507077624956478 -1.8248765573062302 0.0040619707604995546 2.155946267201708 1 CAMERA 49 49
50 50 0.64477635411463763 -0.069647928521771291 0.75678214821008449 0.081813198066030365 -1.8853606930171718 0.022452209555814829 2.1031806748468642 1 CAMERA 50 50
51 51 0.67363575104034124 -0.073490908302914451 0.73145618156397263 0.076064550014975085 -1.9950820594397289 0.031652695322939045 2.0260653255124379 1 CAMERA 51 51
52 52 0.72528604897885707 -0.093956581992547486 0.68009343762885321 0.051041394486100997 -1.6215551107820259 -0.054685071724559962 1.2014848165089371 1 CAMERA 52 52
53 53 0.74079873132141749 -0.094249267500030279 0.66318982281645356 0.050135557850365123 -1.3850114502581459 -0.027913718696668394 1.2195402601863532 1 CAMERA 53 53
54 54 0.75213840180308544 -0.096221931894115542 0.65005794343852297 0.049536194122506289 -1.3741610273608054 -0.027129092074926222 1.2205678008700407 1 CAMERA 54 54
55 55 0.76744275051249811 -0.098562799570179632 0.6317793431040637 0.046603227932173252 -1.3385553827367354 -0.0084366006886487117 1.1993290704423765 1 CAMERA 55 55
56 56 0.78731013545260586 -0.100740114593487 0.60655079693635994 0.04571991536690679 -1.2429191979311256 0.0026655751836106014 1.0887225773700642 1 CAMERA 56 56
57 57 0.79341967789687129 -0.095704612952199355 0.59914164757198651 0.048529660316349511 -1.11535345328525 -0.0049865622406153947 1.0690857105060152 1 CAMERA 57 57
58 58 0.80104115486726468 -0.093922141828435932 0.58918073679693017 0.048762268924902527 -0.95180843276943794 -0.018656888498821887 1.1007918665370182 1 CAMERA 58 58
59 59 0.81029356409338982 -0.096431401000008257 0.57636789687222867 0.043879064997914434 -0.80960985900117466 -0.024276788166594752 1.0569190154908337 1 CAMERA 59 59
60 60 0.81430606536299321 -0.092000673799547419 0.57131948242476771 0.045117146799918607 -0.61379327720596921 -0.02841981732392735 0.99422306597786547 1 CAMERA 60 60
61 61 0.82521853774065901 -0.0934135266140384 0.55531095061330304 0.043795275357583575 -0.52977195090470763 -0.019423417474826496 0.99892778416624151 1 CAMERA 61 61
62 62 0.83033309526315879 -0.096599002910456186 0.54728636347208615 0.041148753382176571 -0.37570808366680603 -0.029411194127538825 0.9620943417293687 1 CAMERA 62 62
63 63 0.83623714722566367 -0.086205431917253328 0.53971232385124701 0.044572015782666848 -0.13624099025228034 -0.018730820385240463 0.99160330568308874 1 CAMERA 63 63
64 64 0.83340392476665182 -0.085731131682671588 0.54432321216993629 0.042430082924171025 0.17710057331201767 -0.040377719189960658 1.0470626021445435 1 CAMERA 64 64
65 65 0.85728479077920705 -0.07127030559203644 0.50734186274543513 0.050868117180225339 0.1726070944472147 -0.069273482491104058 1.1896609914785996 1 CAMERA 65 65
66 66 0.86383310202466068 -0.077525843325676844 0.49591171074621238 0.043054507404679102 0.3234896524979381 -0.076811894791383617 1.207279416179643 1 CAMERA 66 66
67 67 0.87965337430746204 -0.081039943218355531 0.46714293943039886 0.037682128562337561 0.39600992518599093 -0.063050810051610284 1.1964612001404853 1 CAMERA 67 67
68 68 0.88757504920404984 -0.083520661992743703 0.45159120106626582 0.036058538104722253 0.51375108924349555 -0.074679343597467612 1.1285387212880611 1 CAMERA 68 68
69 69 0.8926676761118113 -0.083615431539401999 0.44169953344812646 0.032471553478785151 0.59757591482320505 -0.08481007487868307 1.1086132813633884 1 CAMERA 69 69
70 70 0.89600356759656463 -0.084561298396407247 0.43474287101680292 0.03202545499769982 0.6763474400456484 -0.082112802836813187 1.1180580361453176 1 CAMERA 70 70
71 71 0.8980794861089878 -0.08707606602410832 0.4300653567132437 0.030245401486704415 0.86737814028733773 -0.087766973797862483 1.1785497280612947 1 CAMERA 71 71
72 72 0.90794598420972461 -0.089539755244340297 0.40851896017515194 0.026999651213132671 1.0219292262195561 -0.093197938301067332 1.2443179137928058 1 CAMERA 72 72
73 73 0.91755514511046576 -0.090301574772910953 0.38654781036921093 0.022780947601298715 1.1019192713090185 -0.094742074351657823 1.2319886887655158 1 CAMERA 73 73
74 74 0.92084362745968285 -0.084757948138350941 0.37991118243793964 0.023034701058967204 1.2902817596941765 -0.11796852452652544 1.2166130700983273 1 CAMERA 74 74
75 75 0.92415234059945983 -0.067005803310999784 0.37490281837474554 0.030009172961949746 1.3432231003440036 -0.13926968124701714 1.199453845231329 1 CAMERA 75 75
76 76 0.93735424748509222 -0.076714761800146608 0.3390230624397273 0.023350014509459883 1.3054053689838907 -0.13128318977268422 1.2241606643276766 1 CAMERA 76 76
77 77 0.94791399763412576 -0.083058424412789184 0.30737891832461756 0.0088629449362915436 1.6060470667526487 -0.096123464136662465 1.3723489616607421 1 CAMERA 77 77
78 78 0.95528378108104639 -0.080711755996880033 0.28408980126818423 0.014542862950706665 1.7469404130403294 -0.11436142544701405 1.5494719143608893 1 CAMERA 78 78
79 79 0.96406481817362133 -0.072348476445511081 0.25533516367073839 0.01219337972479941 1.817739867787509 -0.14309766928862258 1.6303735660092875 1 CAMERA 79 79
80 80 0.96797359008019102 -0.081930585383673149 0.23714042263764259 0.0088841452709521214 1.8228965248816658 -0.11699491171302374 1.6864279753490061 1 CAMERA 80 80
81 81 0.97598155275109666 -0.086761046466006755 0.19978390744723093 0.0043496931843677389 1.8000533830640204 -0.090694574225513594 1.8378667937607955 1 CAMERA 81 81
82 82 0.9816352927503984 -0.089126414426293807 0.16865403427161746 0.0021097398561050877 1.821704453762748 -0.088476158316878134 1.8726885535367921 1 CAMERA 82 82
83 83 0.98536357065253288 -0.088637795764542338 0.14560792736688308 -0.00055342643115029232 1.8312489151425129 -0.093535923541489444 2.0029646136798034 1 CAMERA 83 83
84 84 0.98792077824436997 -0.086967857172479027 0.12823422708510179 -0.0022606936440442292 2.0133244231378784 -0.092481024503950959 2.0766710967495778 1 CAMERA 84 84
85 85 0.99019231399561158 -0.0857646277880771 0.1101681549912388 -0.0051563116871713947 2.096498841437374 -0.10733197289769086 2.1128991804662238 1 CAMERA 85 85
86 86 0.99096457966505946 -0.085710652177758945 0.10301427932684579 -0.0055627517728053617 2.1920201834482778 -0.11452690383664611 2.149872012244709 1 CAMERA 86 86
87 87 0.99394808957521685 -0.079998477077885127 0.074839525953362906 -0.0081537874679113668 2.3912358735251549 -0.15190648414826757 2.3095158618478231 1 CAMERA 87 87
88 88 0.99469312364193929 -0.077408262708022216 0.067202049554010546 -0.0087997261155085636 2.3819016781097822 -0.16218923043052089 2.3919203224014369 1 CAMERA 88 88
89 89 0.99762405370872209 -0.065139771908988772 0.017984719677077887 -0.013401769866647366 2.1954509914119607 -0.2366505762370858 2.5763650753984981 1 CAMERA 89 89
90 90 0.99744131232553057 -0.069887431136122072 -0.0053622182988638653 -0.014064922695581966 2.0859001382105444 -0.18778060902059612 2.6799006207439358 1 CAMERA 90 90
91 91 0.99737046170234911 -0.0699957186056126 -0.0096396237789727508 -0.016119527099972712 2.0642458016463614 -0.19366961157974874 2.7053223073085428 1 CAMERA 91 91
92 92 0.99736246738480727 -0.061378516638172252 -0.033895074985911669 -0.018759270750384451 2.4108901098612341 -0.25939766640867928 2.8010572034349277 1 CAMERA 92 92
93 93 0.99702399517994844 -0.051293810784446128 -0.053308809224369466 -0.021685683519395833 2.4426880623754976 -0.31325350347093894 2.8943417104662608 1 CAMERA 93 93
94 94 0.99616815965348615 -0.048744727065992872 -0.068962414093652988 -0.022740596259201336 2.5010689053154849 -0.33961453632317262 2.9659181463319833 1 CAMERA 94 94
95 95 0.99414752493505476 -0.040065459049085775 -0.096472518285347503 -0.027541076093246561 2.5019986094467748 -0.40212373729173612 3.1247377181717741 1 CAMERA 95 95
96 96 0.99390904614869935 -0.039661996886580182 -0.099095160990947853 -0.027420486044741114 2.5074485147172019 -0.40302553935697355 3.1346797964623918 1 CAMERA 96 96
97 97 0.99112092460031598 -0.032906000579406916 -0.12472839611606437 -0.032238721246306279 2.5896440912752525 -0.4526191697259096 3.2868608142501961 1 CAMERA 97 97
98 98 0.99029690824469219 -0.03407076081520722 -0.13034703893920171 -0.034071486880660834 2.8015014862041014 -0.47254769769317451 3.3997775183254459 1 CAMERA 98 98
99 99 0.98586605753646794 -0.028964643428657538 -0.15984668537666116 -0.040965878516726568 2.779546737758646 -0.53631624378174547 3.5604874807716573 1 CAMERA 99 99
100 100 0.98060696601262765 -0.028229959131617372 -0.18818678644111028 -0.046891161468923623 2.7387814403531232 -0.56251270564354416 3.7118845365686477 1 CAMERA 100 100
101 101 0.97943635585103073 -0.02623205722434092 -0.19397759664318906 -0.048877356838972229 2.6942831515589742 -0.58404036321637165 3.7555045193577379 1 CAMERA 101 101
102 102 0.97014886424138169 -0.019590687628597829 -0.23531971979759761 -0.05524505085322981 2.5195141154689846 -0.64557302489989932 3.9371443139020474 1 CAMERA 102 102
